534920700060007309900000010008700000496803002721594806000200940800046100003000000
009043005867002003040060027002086050930420000058397040300270900001000002724059030
000090000708000400234610750420005390907243005083000020002500000056704083070036002
140300000009700004708290350000062073500000000900803200030000000200900000405638010
500020740040070030600008005820390006090400000350802000009000070705001000468030020
090010304000000600026093007200000070004000053008940001680405009005630080903002040
500406000007231900249000630100040090006028000408005270032070500000564027004000000
069050823000006009800093000008004010014000060720000534402060370000032000507008002
206400900003068200584300060000750000320004500057030006068900000700500304405027009
000006409504020380000000020003700000060300801240008000902560000005240630430070005
620089304000040000000015002080593007050000203061000058500002800007850000012030700
900050000504207000070008200007000098105800604869030527008005002001004970030092050
248053060600020000300640080000000500080560100097002008030000700852070049064000002
060200057090604001832075400374029500080060000005430000000000020040008090710950004
062047000003280970400000006700000000000815700910003480009000050004002030370068000
000030041000057080523000090004300005000100064672900000350802000000000008817094200
172083000006500000030000847054030610008002030090000005829064300003020000500000072
007005429000704603030100000000030900064200007500000860906043570000020300051000280
004560009320000000000041030560090071003006040000700090089305000257480600030020000
400005002653729004702840030075200400820004063000000050000300800034590000908060020
000001085007003640163040000600700420304500007800000009020007508000000000005408900
070005304006230050052049070900008000130060000004920000000000000043000085798400602
000004209001000000306070050630007000004092700050306028065948002080003000900005080
000000000702090001005471060080304020300050608507200040436028005900030000200007006
830205000065090208040078300507000000003640020020503900302480500000002004604730090
002007000047000059008230000000900402405023067603080000000570900800306025154000306
000050008080302016170090004063020000000000035950600081002004003000280057730060000
004500000000409003059018026000850000583600092401003608020780000307946000000100000
708604235530002869000000000809010070005400002000360450003008910090000680000000503
000094000000300000200680504000930000679450301031000000060700438300500610004200000
029000640070008000000030000058064092003000087004072300007096025100000703680000004
000000053080057020900326004730000060000405000250000000547089036390040200820003700
950002103080000500700860004500307001290000007000010000060038000304000600029004000
600702841090035000010006530050007000200060700906048203523000060000623050400000002
040070800850002000723060400000050032000000509062700000090000600370604205080920340
049503020005002064000400030500030092062805000430000080700920300003764000280000007
352409006400000005796028030003600000000037020009802307020000000004060503007005402
000800607000040000602500000026905470900471003340000500009680340805024700000300001
004580000020070300059342008695800000403029500278060000000004003002000009506200704
063500400900000008004800500600209000019780604005000020042030050000602700070018392
317069000056408000000023067020087000000040980004300670500800300093000024000200095
207053008046080010030002060304020009002530600000000400600019300000078500000060080
000600000016040070300009402402900000608207000000050296500320704000000000273406985
106803709320040080074000000002004930743250060000087000630900150000006000000500000
024370090070520030006004000003007081082403060040090700065030800200000300830060200
000961000000000002040000000062470030057019864009050007003000000800506019200090403
040360200002900000000005003520603008706180000409007031000006900800400360900071004
302068740084020000500304602008050000000400520000032460400679030007045200900280000
309000000000159060018000700000600020002780300905304000490500000207030904003002005
067091082050000040290060000023704000480003050006009010040000800032048076000037020
063087020500000008780040360000000000029004756640300289470030000200050000008020495
020000040000006080065890327930450002640100009002000030004500000100703400703900050
700800050034000026090035070083420500000700003620000008002070400400386700800050000
040060000005090060080700300008430506000050072106800039002305000034020000867040200
600030275002080000354702089403950762867000954000000008200003890700294010006005000
570400000000065001046270308000000080300009602015000007290300064703000020000002030
007800642804270500030000009526340790040500200090002003002063000603004020400000360
302065000000000000000730098970658204030019700045007800060000081029000000783004050
700005000500400072000032000070300500485000063090006028008690204007053009032804000
600000080900007320002081005050000000004020000370546900010000500006079800000430200
006205008005608392004000007400003000000094700720806540500400200901000800862000034
280040007000005300030000000604702800000000490952300600400600010068400900000270040
003000452200000000607084030084050273090403680006000000000012000030006004925000000
065030924400000530002000000950000200200800090030200846010300000603500080080764002
946003005000060790070200400023500000000080100487000020512400070300000000090015340
050010000000350814020708050200500000003067040078004030030000200060000070400200500
054028300300009000090005016005800600600000700010030054800042000006000200572060040
009040000230000000708002504070093000406000078000000002040950720160000089007680030
000060703200057000074308029003600070802500400041000035006400250000700000057020040
000940050294057000017206000083090500000003090052000070006029400005708300000010026
000420009006090000000500060003000008060840720020705934400600003000072400091300500
000080020060200400450036000043000500000000062689000347320670000506001000700943000
000020073380054061000000000000207009570060314060035007000000000020540006030900700
000001300903074000204006005620080070300960020040203080000000492002000050407000000
050009000008400060260007000073005000000206080001040500040000010300020790009300040
000063400730900800040572000008240030023080754070000090380406572000000006069020083
035642008600000000009000216750030004000500800000000000092487500007006000840910003
000020070852730640073804259240690800000002000060000010934085700086203005500900000
570400028140000500009000040710005200396024000000830000030060007000073600080902003
003086902004002305602000000000004038000109000000530207158003600036000540049005003
009208347030000026020000000075396002004000003000400009003000000002781035561034008
826090040001000020579026000060502080403080050005000090700300500000060000000974230
000070050800005643905032000000040209500300084040060700030000000027000000000090410
006810050020000074045007300060208503002345000000000002057002960009000100030000400
407600003008001005000000700080006002000520000004030610005300280809047350601850000
000020305320640007800009020017396450004000000000570030000008092402057003609000070
001003980839762504005000062008026403040000050000508070610080000000000040003000600
000529340020040805009003060006030500204000003000206000501490000037000280600000001
000002000600384100010560007530090000407050000000007200003000705800100430002438006
800006504000300209025409300600050000004800000300010640100008900008000052507602038
064903050030076024000002000803560070000320000502709008000000280300240000027805643
003004000005320000600059070000800200096742538000065704041076389509030020070000040
000000000020040506035089000100600490008005002090800030849206350000300607307400000
002050000870403650563020000250600070004000000700392500635904000020035040040207300
600000304408090006032800000005020040000038600003670510087400900306701408000003007
003000000940205376502000004608050000294063000000040209000701608320000047007006900
970102000031700040024005060000000430600000518050008000180900005097030200000000100
002065000000700620586042970700400802060000000310000409800504030003600090605810000
010060004080004007030507120000000900006800035008390760594038001700200809800050000
060420031004703005057890260000530080000006002206000053872040006000200048030600007
570069004063402500920003010800690040009005260430007000300008000097000000000074000
300002060004500008708000002500020300000054000002730000037000010100409053040006980
650408230003020000028031405571080904009074013060002000090007000000050802040000007
200530600008000050900060000810470300600050020754000080400307060086945207030000040
709002500000904026003100078300450109000700000800003207000080002482000705605000030
740030002296500180500080046074020000003000000082763000000008309000000000000246508
000000008000200060000905700090002830856793002370004050635007209020506473740000080
000800032007214095060509740020043876700008000400050300340080200259070080600000900
008074000047395618000200050586940201070003000034500069000060000010800040060030020
026084305000900046073020080000206030500000460000000592009700000035400027008590600
037040005620000008009002000005400000200700300700010080050680403900000020008300906
004052690000000004100040038005400970082069300046703052003800200050000700678090000
203006080800700940045208001000064005300000000009000326014050208607002400020070000
400670010750003094000000780030020000820900053000000008008002107046150009002040536
000040056490067302050801070004050200830000000900000003010070004600028035000300607
020900400390140085008000170003400002670008090140703500000504020004020050006000003
547001080000079000000005630286004000034750000090600000008130504070000300009008100
650732980000006520000905346260300400500029070308000000800001000709400200420060000
800406503490700000002005047026004030500300000003260000089500300007023090030079610
600075300540800079028036400092608003000050200001097000930062000070000020200009530
500000007274060039906001825000047500000090362053000900709002003000630000041009006
010905300002840000500020087008563940025004600000008000090080015004109070000007060
041090000500400020000000030000904050358200600009060000000000500036008002290603847
008007002102000648000002739534006070080000000010023000050000006700035900020064350
000620000378004690620083050504000000063400070700000503030105008000070100081040000
560178020090400000010003705285009460409001000000000807046010580050306004000000930
539020000200008407000360000000000600984036025065209380340000090000900001002040063
928000076705000483000000000080247000002005100400090008000010064804956702107002095
405003000000001800930060020200900005058400960700000003007006342000300056000247008
670853000000000600501000030280400073730600480900080500008230060300500042000094000
000040002053206000078900300802653470060402005000000009040000200300800047600520193
090000300087206400300400200020000000050003792470005036740650803009302000506004000
052007406407000000900000003030080107725000930000000000006123000008490315100075040
750080004032600750000002060500340602900500340004020000005000000843000020290430070
007150060030000020564208903380462000002509030005807040046090300008020000200000054
079002050300000001510048639000000040060405080940000060700200300000014507423907000
030070984000590020000342050750014009026000300001000000207900000000460002000205730
000901070000000000200004906000060532400180000600753408340006085002000703500000260
004062709200907358973008004026700501450013207300000000700236040000000000600580000
040500002005000009060302058300089000920700016750460900600050000002000000037020480
430765090000001503610003008020000000060040900340006002096502007000008000280604000
000403010900005300001000200700602000145037900000004000020000004604000058097500103
004815020060704030000900008500000071080000305270603800708000002000007000003580640
705830209009200070006490005070680901900000043458000006002503100034020000500000000
625000800009708210000300050000904037003572040000600000500200000836005790012037400
082065043300020007070834020600500394023600750000000000290403005500080100030200060
002406150043000006080027030000508007000000300469000002704905063006000000530600419
500700183000630007800500060724060005906305802005020090400000038200000400070943250
009000000040001657020005300007000403000630020003002000704263809030004000091508000
020000000005360000708420309403087265206905041580000000002004700630570000040000002
000320097300005004061040300005060030730052800600730425290400000000000000050200061
000000400000748000084391000305007800000020060091800040007006309039004615020005000
286010397005000040000900008320150600007060209000000000750401906004705820190036070
061070080580360020000004000090020004640590732003000596200030007000402003050000000
000008570500930024047000963000085230002000050000006000325804700460050000708360140
407051908030800047500009001000043200000080000702500300000020004000705800900000700
180700400090002300642009701018003604706420090000000080900300000300070046800264005
953080200000003580000004007580206003420008695000040000047002000005070302008465700
510000300064000805000320600080630070706040010920000060093560000008200009240803000
107005809003670040060002001600000200000000700002406050900154603000930080050060497
010006038609005001845200060001002070000000046000407100090600003050004010370510084
637480290000901004004700006000000000000004573203078600005010428800530000026009300
650230081000700000203604500496017002005008000002900000089306205060090000020870900
540310060270005000000008320009000500700200930000009040620050874030840000850700103
480000705000601009000000306095020000100760030004000000000354001042090080060007090
875430026020000038030000400000000002790600500200870003600180005000326040309507060
700900304000084065006730001004203058000000000170050936029000000830502070040000000
040670250030504096000000040307250000250493608009706000004005300003900025026041000
500043806070000041301000050009405603086000000700006000020500439000300200030000000
000046000705003000000290003400000850503487000000600009008900040201070096350000002
000070000091803400405020030000700209000080700072906853040000506006400000028005300
000103000006089000390700020027006043000504208010800090004090605003000002571000000
068000000000702036090360854057000090200504070030820060400030029000406003000000500
040020016890364000700800004000000050070200480180450000400900062008600503006502790
800600375006901000000000000000306002250809100000050008001500009400000530730092810
000030040052048000034526087009000506020000038000005400145009820068001900000003000
602708500900010400000903100020486000000000000040200683096301807007000002208670340
600970020090003005382400007030020000007004600954000203000092070009640000063050804
004530290000208406700000513040603705820900000500000000000001600000700000050890024
005800700307005020020147005000486090000350000100000000004028160090700000760000380
000000000240650000800270601300008060000900200490010807003860704650027300002000006
003900070957034160400000005000260700562040930090503040100300000230471680800005000
006800093030190605000000080064905002802030040179026030000542000000300000400008209
050406300004800000700900010070605030236094580000070000365000000020003000040200600
094800002800002003030057804007000030308000160005010048250090000640000050000060000
040500806000230700179000003004003082000000005026400397050000000067024500031060024
090078005800469700037250049320600000000740030504000020060090007080520406000800100
000030000004695803801020000460800030000500000050070600000000906000700240045901080
080006542006007090530009000805040926000900000340000000000500000421030700050204630
290704000470053000635000000000300050020800603000900400000400870007120500084007236
000940023790000000200060400002374050370096201000205090503702006020000704000400000
900600000604130000078040500080000902020003006406970035200400000800700040040000009
000000700000005300802064000004089000000002005907040820400390206576010093020000070
000000000040709030560200040002306780400070520730090000605027004900083006300900200
001043907563091084740602005000010000205304000006000090900200000000000300304050729
050030009001040075008506200300010000605087000000304080027008003800905046490100020
004000000987520034006800002809657100073002080005030090030709005048005009000100000
090300520027500003056000049004067352000000007071020400045030008000402000802090604
004263000000000503070500800026004000009005400485637209000400601002300005900000034
920080300704250060035094002050309000203040189000027000000062003000070000692000800
029004500036082000000509000000200050050000700080700412092051674000800000170090030
300201806040053701980006000000037500010520900500000274605900000000000000000370020
500080300740600810920304070600000003004502960300000250000000007000003020139005006
130004000090810405000000020000000640500207900004000000056390070001586000980070030
000630902403090000109240580000000804300029000580000300700300205040000700001760000
602307000000050000700461090970003240500028006008600500350006700400205800000900001
000007003430600920002800500063200050000064100004000006200030400090002708000580030
090007004708050060300980010060020840020039070000046023050078000600093002004001000
051300002000000040008000607000008500496005800010009003000000000620103090570090204
600014030902008040300007006008000104069200758027005060004053070200070005000040900
009704603000203190832600500000038007500016300090000000200000930040067000603000000
008001300027600540095000206004500720006403000000000003050020079003000650982000004
109500480080307520030890060940002800002040000000030700320000900600700230500080670
700081000040060203002403879000000000000006030380145027026007304937020050450090000
020005630300096048900000520240070960000062000560409170031000005700000480004900300
630054980028000340400023706080000600070040020200906500000238009800509163000060050
780329005602004070000000302527600000043000069090480000265800400000000000004052030
090207034706030852005400000000003000080001300074090000068005203900000085013070046
004000639000604007000003040301458070070390000008000250030000702069715080000009500
050003000037942508240607000029300600000060470004090000080000300003009200000000045
073009500000000200926500003000003628080004070005826019040002000000090080090360000
860013450100000039053040000005270060040006020726000040000090305038600700000050000
000006000009000040035407100200000501076280000000004000067500200500030470481009056
009004270360200549270090068096420735708306020403970800000063090000042603000000000
000020900910400830004809270300000000180063407056078002090000003600305000070106090
000051060495080037002700009046097325520000690000200000609074500000000000030000700
300670080000010000260030000025000300800005400046390002504080690700061853038000020
870004006000000034364090501050609000213050060700020000000040000001005800900760340
000030000600000000943050002008026149450100708069080000020005900700068300000400826
600000190405000000098007006800205960930604820000000043300406507026051000050000030
030006000008405723590070008085043690004000002310200004000010800040000070006050930
020600050003007069900080700040050600150000043706000020000820030300004000470006205
000090008574000100003000200000030000800416507000205064430000020020703050709040600
007003029000060000600520030400000001035100460000390080240007106090840203103000000
000000804500290300001005900000003029020178000000020060800530007693000000004906203
327095000400030000000006100000942603040670952000000080035009400900204300700350008
300000050728060090000009847403010000050000674600005010060700030000002000274306105
000000008004507029050000070100038096007600050000000032508702900963050007400063100
003070206678000350024005000005360042002000908800002000100000000000590007400026830
504000000000000042006024039035000000800401000902300086089005600070800004400032000
000600380000053060001007005462000000000005600005080270506100003704030900009000001
200700000000800050836954027000009000795042386062000004004008072320000008000006000
083250000900006000000400160007080500056700043400095000749020035000000000002000070
809703000400080060507920043000070020008200009091004378005000100002000000984502000
702050003060940000430000050000000000670009028050230067310000090004000070097502030
000073059000090000000250374093025000008746000500009800706032900002000007009080026
260090300070180502005420006000004960350070000000000000000000034914602007508001600
309020080067500013000307006200600008634058900000090004000200040002034005540060000
400002630800000000032000000600059100504007092703080004000006409000700080086300025
000000003600520109008300046040000000371050490000070000490260380005730000010809065
030070029004280000000900500307000006085000200106430080000000708000006002608052304
254600038300000040006930002040580300500000024002307056020463000037829465000000093
600004531340510060200030400000020000000080054034960012020007186900050347700600000
508001700000080402342007800023000084000094050000010000010700000280059037706140000
006080470170056000400379620600208000020900000040000003000001009300007080765004030
700004010026000000009038006037080004285000007000005300008001942690500070300809100
000090600003408100000726853047300010008060040005900306000000020800005760076004009
800005230000006900069024805006403098030007004540000103693000007000000060200030080
000010004400635072803000090900000000241960587600750021000500000500402000070300408
006000000037020604140056032301047095069503000000209700094038000070000000603000008
004000000000200078000530460080003045001006000620000003200005930563409002900362080
008004006007000035300090208001000027000300600905082300600020000200470000504600790
084000000023504000560038007050000049001006030000359680900205006008700200230000070
000000000720006503000040002072960300406205700508004000350680200007510008609003100
430065070080104502002800090000000325000640000000000900043900057007020003268030400
000600007507048163069001000900000038053480620006300000000002401090700080084000902
786000459540007036032004078000009024060000000400003000007040805050371000120590763
040007000360000002000400680200030050070506104005000703507840200900300800600100005
079005000805134000340090200030007602400600510602000437504006320060000704003000005
305800046000507203070200509800400032432000000000900000500700004000090060940365027
003800670710030050000040100009068700670304025020005000460782903082050060000400500
072000050005701360030000000080400000000006000061520743057640030209003806000800500
840032000006001473703006052304000280000000000900004567567020040030080000008095730
000300000501000004300147950700030091690050802023860000900014000035086200000000000
080004065625307840000800210030002000090035074507000000002540090003080007064023080
200700840000005000600400203040030000035200000720581904371060490000050007000003682
004001080800600300060582047290040703003000000076359420000000005002070600750020009
597000000026094000384026590060802900208000000005067040030000402000000350002603700
806007000000000600045030180000000001050000730607203049564902308230078065900000000
038500019600304872000009000720100034050200000000070006000002000340705200209600040
048030906000207000160000070004001207500004800601000000205400090000080003096000100
010008435007400902000050078064900000000020700002305060700010000835009140041570080
094600000000000820700030000000790568601040003570000400465200009030060200200000074
006702304000000689050000000060900003293005740000003006085029037407086010000504008
270409600000000573360000900059102000000098000080753410000900305410086007000020040
803200504060000309004360010490500830000007000726004050030602000000000090008409200
000327000030900607000600300700000040089570000054000702108065073060130509025000000
080000000640300087000600000060270405352084076000506038700090304020401750006705020
806000000700450002304010076200000360190005040500000709000064520600038400000100007
700302500023060000590000020002000003035000090640000802456879200000003000078050000
800020305000490706006300200060200058000000431000800070050964000040713060097000000
005000038173090000406000759904300510000406097000000000000003000000265070608000042
420007009096304278080020000000900824002000507000005030057000042040003056109000003
000000000307000040000890200163000007048570160900080002009216805000900000526000900
049800060007900500016004009070008132091720608080506070000200496002000800900000000
000002800006070500003080000354800620980000405000547398062300009710009004500020000
007504200650238400000090308405000003090000060063400019026300000340902000070600000
024000007000000005307400020430090268000502000062030750100946800700008004000751306
000109000003740001001006305200070000345002000006000030700500290000304780800020004
000082736003076400507000020040060053205430000000000000900200047070600901308004502
005003004000002050038600200081000005002000000050070308926000500007046030000250000
068020000000000005300640200650000804000060000890700020030004000000090000000081643
020090503570403000006080100000000409000004000390057026000000035000000000042000080
600900000000010070807000006045203000000000003002890000006000007200504300009702008
000700000000000620300280701560093480230000006004500003000000010650304200720000500
467100000000600000203000607009004003000702080700380020030405008002960300000000000
094278005008946000000000000000065302003000050005409000000000004079083006000000908
030160009070804301000703600009000000000005008000329507680000054204080090300000000
020900400390140085008000170003400002670008090140703500000504020004020050006000003
780650020000000900003028007070805402200400570000000390100000000400010736506370009
