980000000230050008040000020000005480000340500006028300008570030000002045000030060
600100000000500040200090080300080000700600003002000000040005320000020700000840050
708040050000890017060000000004000002000075008002008000500009000000003640086000030
050000008092060003307010040700030000006000700000400002025390060060080004000000020
060005000904060080370040050000500800000020000005309200006200000000104730000093010
002040900050200004004038060149000800007000090060400007000060000000091003000000002
003852000060000009000004300008000037052360000000400100007000000806900720000005000
000104000206007000034000050600053070045000020090060400000000502010300000350920000
579030040002006000003000070000098000000200050000300080004080730020400006060903020
000002679008000000047000003500060001000204000020390007300026000005000006700500800
800060090000030005006000200570000000090201000004850002067000904000000503000010070
000000000405090000200670003043020000050800200000000370600045018008001400020007000
000046057010000000006001004030400000002090800500020030000300006900000002003265000
400705030200000000069002000000008010000207403006300000087600052000000090000000370
300050200000004080060200300050401003407000000006809504500700600000006010002005000
004009000602000801000020000050300060000002908007000000000730080040600100090050300
000005000040000806000002004700406000600000900010800000500000020080074003037050008
420000009500900000000080300050007030000000010160005000004006200800530006000100900
090703028200000956000000000000000002036400000000090500060000000901026070000005040
800030000040520000000006900000065000000040200400800007030009420060200000010407069
600000090000007034007006000300048000500700020004000000915000048000200300400000010
000706002002800000970000450003004028400000030000031007309070000005100200000000000
072006300600080001300005000000850024053000000200070000407030050000000000000462700
509206073000003000104070900000000700603000000000040050090000000000300500007065049
002400090700009180030005000060004000309200040100000003800000600090002000007000420
401000000000030904600000010000000050800000203524060007000004060000026305000350002
003500000900600080040003051092000000050060000000270000060000400000904020007010900
050000601308900007006000000000560300000300040060800009790004005004000200500002000
050000036020000000094050010000200900000830000400000050002000040008026003706340000
070090100498060500602000000003000007800530020500080900000000000050040300000205090
030000000000800070240095030090000000070080506300600100000002005900000320800030700
700000600000002480000040079500003007000800100009050000000306800046000000208000900
742580000000064000050000000080000439000009005000200000008070500000045800007020600
000070000000003910402000500520090300030068400008000000300500000046007235000000006
000700002800040607050002003040000035003900000009100008000000400100085000405097000
004260008021000040000004600500000000030008000000600705002730400005000002009040030
000200760000000005500004800403080200802506003060000009000000300030005002006043000
040002050000080000000047000800059007000000060050306002002000009005003704060800030
090140700000000002000300080000090047730062000000700005004008210000010000079000000
200100060000002008006853700007030080030407000000060020908000050000000000040008006
300487000000020000050000400900030204000000570204500030710009008020000003000600000
380400000400600000006002500500900000013040000000060070050280001000309600000000045
740005020009001040200700000030000009010500304000000080093000000005000600460020093
020000050006001000430050000387400020040230500000600070004000036003900400200000000
460000200009005000300008000000000000000020304070630500000900730704001009600000080
080004900003570004000000000000000000004000806060320500270038000000000201050041070
800700000020008000000350008030000060058070010007090020000000001365240000002000005
002000080573000004004070000000000000200000007008014950000006009096850400000040002
700000000200060030003000652400900003806700005000000040090408007000032000002000008
000007050006002800805490100017000000000003002600004590500200000000705080004060700
083200070205700060000603000008040700060000500370000020946800002000000009000900050
000009700000830060000600002700000030006904000002003500400000300609080040050300076
038042000000900204005003000004700000700310050020000000070000003500000000000009860
036402090000080300000000000200090000000000650004000971000006000305000400047000160
000087200008042063000000080700400620024009500005060400409000352000020000206003040
000009005000004300057028001008007000060200000040000620000000000904053000083402900
000000000030000900002510068000706082400050000200030000000040300006100250090060000
065100480008030000001004000000000700020300006080700045700000000000000903000642070
100503009000000000070000200000250800000000000005400001004000083083070015051000004
023000040005000600016030005000000970500009002080004000060040500000000203000800094
007000000600423500900600000090068000723005600000000030050000000300040002100000085
060009000017004000540680003004020300000000006030800700200040000000500100700030050
000000000300005200009080407002040030900062000000050080010000005000000340825009006
000800000400600702085000003000046000046729835030000004000000500300200076207000000
000002450403000000000900307009005600000230000207000000340500800050060001000703000
049001000060000034800006700000000007000000200000248006005007043020039080000000000
001805030000000020800702950000000000500000043670300005000073800090048000050000060
400501000000000700090083401020040570500000003106000000800009600060400000000000382
650903000000000305000062000004008020100000000089200000000400083890600740700839000
000000600078203009024900701007530000000000000009008270003800010080002000040000090
001000050634200000500700000000045030006000400000020006000000304060070980870000501
000004000700050400005200006006002900000030000043000081070405803000060020030000507
607200030405070000800050020000004900300020040004005002050000300090000006000307800
060000008000060290005001703900070800050009047807010000009000000001400070040003000
000600009024030500008000000000094008000200300900800000006000280050020030010005400
400600000300020400007050906090000000000005002830062000000070290050380040000000000
003000640070300090002900000030508070000470250000100000009050000004780020050000034
060098052000004000090002034804009005003000008000007020000040000002700003000010060
004000060008000504000002007007600003002900000400573020000005030000430705805000006
600080002200300060070000000007800001002003000040610730000030040008941007020708000
900005000100000040007300000082001097005900023000400006000020300590080000203004000
060730004000409702000000000050908300300600007020000006400300000007590400000200073
000000500000480100200630070730000002005001000000004090000260003009700000008040200
900000000050400020600500834000031060403605900090000000100006000000003052000204000
060050000409000010007306020020700050003000800008042009000038090080004200600000000
000050036000400900000062400205000070000306002300500004003705000050008000060004010
000040000020800070064937258800014000305000007600000000200500006006080300050400000
000000000000370090400200703003002850000500600029000000005480000004609030206000100
030020007000000001004600020000700200000306578400000000200070000003500062007001450
405030002730000000069000540076000100000257008020090004000000000008020030000060400
004030092700000000006500000007000000020005900500709064040002000800060030000003508
100000000004600000082003790000509000000000150008000040070002000060430920030000071
240300007000006009007000000000094800030200000500000040008002604002000000674050010
002000000000008070600000831100300950040006000007090000000543620000029000800000000
000019803790400000000000000000030200003007600529000070060080010400300005000200000
000008069010600000005400070002080450400000032000104006004970020050000800000003000
006050080007000503003204000904086200000000000050020009000042050070800300300700040
007000368000000000004087002020300006008090000300400500000000650200009040705046000
000004000000890430600020009000079000003050000400080602800260070005000006060000150
057060003400750680000002000000000032000090560100400000020000000000000400008500307
500700004000000000000086730030002007045009100020300900000003000100020050009000006
085000002040002000000300070009070000500064300007030500000615700000000090800040060
381709000600030002007000000030080000000000600700002000800400021400095080005300000
145800000000000000708023400500360000000005020239040000007950310002000600900000005
000000000006081000002950070000000200005000480820093000108000000064000500000840103
000020000604003008005009000400000020100006300367200040009000600000090030000400502
025003070000009000690508002700005803900200040300000005400000006000800000530000720
852960430360040800400000000000006000700000960000030000030800026000001070680300000
010003008004002003000008460008200000570009004039000000000510000050007120900000700
001000390000300000604200008700040003000600400000090720300905002065000100020000040
309000250506000000000001060080060000000004590402000003090800340008019000700030800
400100000000063704007000000004000602030029000500300079000000000705602040200074085
090000820030405006060020000000008200180700600700390000005000000016000073000200400
070004900028003650030092000200008000840005360000060000000000086009000500050300002
540073002200645039000090400000020000008000300300050004000032090020506703006400000
000080204093000000002043609020036070005000900000090008000005800006000001280000000
400580031010374500000000000009000000006092000020603400000030004200040300050700060
000020000002090003506003200000000000204030070700000016010068500000370400640052007
000000000000507400500000300002800034064005000800030010090403002050680000206000080
030000025600430000800000000000020006003007000009500080000000000280640050007000049
602400900000000416000000000900006000000080507074005039000000040003000000408701305
510000000004003009000000607901800360650300000000007000000030090006049203040002050
000602000000000009020405060040500010000000003637240000900326000072000040800000050
009012600060580920000900003700000095000000260020006800098250000000640002000000700
600023070000009000872000000000400060080305004050000000000000009004000020230708045
007003802009700000000040009700020600600005000050009000008300064500000020004001307
000040003209000040460830500000000060000000100070586004000000405006302080005700010
600000090209406500000030010000004023007390000040500000300200050450000300082000900
507200000460000008390800500800610000004090000005000300006000407000001035000500016
000000420008405300300700600002000580003200006000046000047000200030002709060000805
020000005045637802903000040000050000209000034000001009030000400001304560504000000
900407806500800400000000000000100704002000003064000000300000601000004037007032500
900007000030600000400530000080000000000070400070246010042890000000400580300000060
860000000750030002402000070300005004000009706070340005000050000004200007600080490
000009040000050020069000000200560000000013005040000000700000010914670008003004006
300200007800000000000940060700000600048035000000000500000000013100090450000620070
063708942700050306240000050400000030905620007836000000052076094000035200009400000
000003070050000010080920000047806005009430000530200060300000502695000147024507386
080003500004270038000000040060907403450000709097860051009030605200045800000080020
010507280800000004900000607072934000300000090080001540100806000008705430750300028
000294056900070030508000000000401098090800510200060003410600005760103400035709000
006000000000020070020075080650980203970243065000500000035004000004002008000060510
290500000070000300603700008820039706000400003357260109500000400402305900060800000
000000903905000400200307510340005080020738100008002076073609802500280000000500004
000000700090730502060000000920300406030540009845601070070020905284900007000467000
080614700402007806063029450005300002020050380008040965000000638200000040007465200
060040031000090000503026908008000000630284000204000700000002349400008510091470860
043000052050040000700600000938010074060000200000900300002734085000002000074508006
048539006097041500020060409004003080050070000006000200000907850000085640003000001
470180002000400100600705008790000080506894003004020900105600300038200000200000040
003000002000300045257000086300406000001080050080090003975140030010000000400060920
106029050750064090042100007000070900000493670000008030009340085570902300400000720
807000506006035400000980003300009025084023900509070034000100350000600708040358100
004000007000372000090000000472500030080004975053607028060045001000008063720900800
105004070800036000234000650900200800002075300340060000020009000003002060090340007
008700005257068490603000080000900308400080260000200009060000900029040037030800100
000000063540300700000000240320040080680703400090005000859020300000004050002097608
000000002000304000605002000067109038420500901903007405002863049000705000070000806
004080260000200007000060580003400000100000809020805006041007030900000705605030004
064907020000350100000400095000000000081760302030001600750093000040080260020004000
420003000050007300000940000300700854000200670006850032040080090738409260005002480
030420600008000000706503010050300000020801060000046527180000756000080092060000304
903000271000047600008320400000000900001075834800000060360004020100000050709058300
005040203000000000030960804000050087098637002574001006000200408300100900020504000
020400800040390062009058030600001040070065020305000700200000900007100054090000000
000916304020008015000020000590000080000100006063000009001069730408051060000070000
382507040600000000000080000500000302040029700207835690078204906005070410000090205
400700300020000490701093600000005268008040010005070000360000040500230000040900800
009250030740608050025034000300000040267000000054060000002000473000020068070083025
390004060020090000704320508200000000580069140040100003000042030030700250600008000
009300206006002900042000005020803004730005809610004050853400002407090510200006070
653107400000030500407000900709025603060000000002000000000300009916470080305960742
030050020072900046500600738003506080000000000000304000960803400000060801080219070
412009060007510042058400030000105900006087000000000053080090000020003007005008000
054001206800300090900040310500007800013504970000000040002000001005406000700023000
000005000002080030006230070300000168840700590500008000200000900090104000000603001
005007000001000050740309001060000005010060094400030070390705260602800509058090030
030590200105063980004001600000000509460020008080076340000000025000000000700034000
