004300060620000000070520000000000200005870904030000000043007008000260005000004009
610200080809760054000000000000000803001000000050000600208300000070050261000090000
000420308000000000420300000903250600000040500800000010548030090062000003730000246
640000920300480000002000030020008000400600070000105600000800000007050480500203006
200000000000107000079064000000006380082000600006090740000000010004023006000740500
500034000004000002000500400000000300435800000800270006903007600001060008600080904
300700508007002300000806007900670003050000400000003080024008000600205000800000000
620040000000005000007000005000100400079000300000396058460800003300007000000630802
534082600027003090080600420046000200000200000002030057000004030460300002070005040
000010500300600000605200009000001200090000080020409007003000400000803000207560000
701000050000208903003000020000900000350060000400502300034000580060004700280009430
453060008007030000860024007020940060530006040000000000000350080300002400000007020
030000007000090002408002005007008400000003001290067000000206000000004503805000000
008020950060030080000000000000000090503700460700005032402000000680090520300060000
000004000000063200008050160040030018000402005000070006350280004080600070062000500
054060090030002400000000600000007001005006030020800000400050000506039008002470000
000070020080000700701405060009000006400300000035020000000003002300000400107056308
003908000500003020000060000200000034000304057030087000000030086009500000100070005
000000050007200000836900042040700916301090000005000004520000000000003060003072008
100000800073800006000042700020000070000000400037604000080490020700001030060030050
000200340260304705000000026720006050000009460000050002030002070040000000500007083
000200500160007009009300270605430700003000000000562900000700090020600000080040030
010700036000000700080090040000003000709002304400500602000000003000057000000820905
002050304300400000000000008900340000065700001730200090000600000056000070200078000
080100040020080600070005008900600150000007003000003400000000000002060000460500087
200000654000260030000901000407300000006000078800000200003000790000003000709080000
070000050080000203004000000001008900000200000002574600105030007000600002600002040
260003500400000020900005047040002800009000053000000400072008600000400000050309208
000000000070643000200705009000906435004000602010000900402007000000004500309000004
000305090000871000200400508000700003001000700000609080020000000004000027708000946
038170000546830000000040000000080000000609400700004008060000071057060000001400803
000301000690504020000600400000070000034000002208000700840200090000000003005008100
306004500004320000000007000080000052203080046960200003500400000002000004000010300
000207500006000029300908000007000000020400087060302050045800673200000000000005190
000001200010000070860500340000000030358000000006004050000090008000870000984063025
070304000000070639802000000010003008200000700700006004006050000000030096080607015
090000008800000520030040007060501040040000000700064000951080702070030000603900000
000020300354000020000000000476500800502604000000000060060005703007008006800030009
540230009000670000020080006700802000060000800005040230470000050001450900000000340
000000000070009062000010903002000000000030485035486200000900548800002379900003000
000010000620000094000000803054690038000000100098400700000000080007200906000045001
006007030520809400000100009000200003040000000600900850130040000000000005000500200
230000000507060000060000030306040200004100607000700000900500000028000000000210380
000800000001009003050270009000050072300000000000600540200008000403020900000004006
530600004406000530700000060000803009200000050310000700000020070000089040005064000
000002006000457009000000010000000007780000105540000080009060000270090500060100030
007103090040080005000600003039420508084060000000790000470900030002000400010504000
109803560000600701402000080500000200004930000003050004040000920005000007000720805
026000040504230000003000700008604010000000050000009806040300009600000502005090080
030005790970008010006049035000000400091300000700500000040920070109400000300060000
800600300009080640004000000090010004000703000300000200652007800400096010900000020
500200090004706000000800600007600031003000400000000800000000504006090000070038010
070058020000900000300400001400060080090000057002005006000001074001504000000000032
030600492090052070000000000000000000020540730450739286004000060005080000200003800
058002000000000301000400009002060000000304900700000040340070005000208406000600000
009040000470003080300060000508170300030000020100000000607000002000002040900500036
000380000752006900030000000200060009900802005004950010000000000600003400010070060
000005000079200503085003000200000006004000000000016090000080760098074302000600004
008004007079050080000000020080026004000075000704000000300040098000100060020503000
003004000700000200020000030009500010005040003000060040002006008040031570600409000
039100700840763000000000000098075003400008690005000007023900008000006400000000900
000050000080000002031004070960820000410000000000600030305006780040007603078090050
600185030020040006005000080300000000900076002402093000500000000090027040000900003
000306500400000269700000000270000300600825000095403000000000400000200703069000005
400200800060795200030460590002830000000000000300502600008000004043000750000000300
000190300000000008400020701057600100008002509000053000000900400070400005160000030
007000003900000026000301000000830000204000900100000040002000009040107800070450000
000900000410002003007350020200000034000060000000008700000000090320040800600020470
001070620090006000040000005000004500800100900034000716102007050000020000065900000
800030000000600852601008000204800030000000005090475020000754003003000000700200500
000004679000000050340070020080000040700860000105000000070000002020086300000103000
060007030081406000300508002020004000000600000800302074043100060000860005000000203
030000200009000060080403700002000000403020600708090501000032907000000010000006800
063025000490063000007080020004000000200000100500034002009802005000000093000000070
000000800000003000315008000040090000650000013070025090400001075030000000700084006
050000000687005001200480000300700000000060920000900005002000006493500702000009500
500001040020004000000800020300020080260000507004560000406087300000000000003010700
900054270000080305080900000000002000402075009700600010000500000000000030009008006
709000000006000030045209607300000900000008400050000000002060000900053082000040060
530290000000600000000708103000402000300500070006930000970300080000000002400027000
004000306700418000500000800040900203205003000000250060800000000000004602020309000
958010040070003205000004600764000000000000030032080060000605803000000000040002000
900050300046070802007100009360490000090000005000200003702060000000300000000000060
050007000006083020000000300000600002002050004000109605045010007000000090900035060
010000000005000000070001830030090010004020006509400000003006004000240005200000300
200000050040008907978004320010430600080000100006000043000060500400005009050000000
305000092460000030280960000006300000000642370000007000020050000100008400000000023
000760040070200800000034009080020407090000000051300000060000584000050301800000760
002400090070000000000200637700600005058000040203070000300000100000390000009068400
000608030060700400895020607004000000008075002000802506040200009200000800006000000
056000000003002708000500140541206000000000003000740000027300800000000000030678000
100000400400695003000070000006052000020000300007000090030020008000000600009300245
030500020000294500510000000400900000000002430000000700750020169000305004200700050
000700003003908000501306020700000008040107060000039050020000030000003006300060095
800004000000000020209080634000006000010005040006370100060000000007800305000703090
003000028000000000284070365006003400502610080007000000400050009000030070000060200
520040800190800300400200000004000050000729040800000000080007000002050900035000000
090002600000050009000470000049600070008000051002045006000300002800000037070200560
000049306012000050400000008024570800687000000000200000703004000000000000005000204
300050600000206700000000031000600050002000000037004010006090073009500004800010900
495000032360004500000000008050000006000700300200009800004020001010006000009305080
900072050082400700750600040800020600630050000407060503006040000540000029000200000
002040008407000003000003000003564807000700900005000000900000005004050206508076430
040000700028307560007600032000000410000009000400062070080070000030080045065003000
000007006007009530304000009000000400075003080200700900010004308000320045400058000
000076080508200639002839045000700003900003400230090000300000920000000000050001000
020403050080000090034000002000700230060020000090060004000000500500070100000600008
400309000020000005300000000008002000037000800000580904080020700050003610001000040
401600307309800000000000000906204805020000000000570000040360050000000000037000092
000000060068020003000030200000800100200000070400009030300704002070960080000000005
384010500500000200607095403100000000000004908006072050000003070002000005400000002
000060004000009030450080670090020006080000300003054020000600000740100002002000040
402300000608024739003070002230806050004093007090000000000000006000700800500060000
052803007000000006700000040945000000026005030030060020060020005290000800000034062
370050008002004630040200000004000010000007860500090000230800059000000000906000000
350004007008002000090000050006000000700540000804090170000006000680020000001400036
800094050400000000000000306900000100052370000000400030004008072300200000078050060
007600000000905200300200040400720000600050930010000000504000306000060420200070050
200059080000007090000040200004700000020008670075002000002300000040000300030906504
000700000080000000635040000050900004070000650904000103000080320040203005001560000
045900020000000030300452078070016009000000000004000300036070000002300600000200500
050000040000430100000050730140800000500003069030900000002600500603082007800304000
005100000000300200040005000090020000002000476008070000004008502007400390900001048
300000040827005000500009703000900000040600820000100086005200407002506090000480000
600400310000600400000070000070002000036008002100007050060300700500200009300000060
000050000500034080000000060605278090420003000800500600008100420000067000001002005
700000030029000070608400002000290403000506000400703050000020000250300000804000600
200007009070906031960280500000000000000000094004020350807005900300004000005000013
050060004000300000000408530002700601400026800506800000000090200800074000604000307
000900040080300500006020000204000306700001000030040050600004900072005000800200000
001070300000004200306258400007000030000026900090080020000000003630000050040301700
000009300084350002900100084000080600105470098000000040000000700390600000042000000
002005000000810603000607000300470200500000000090203040460000800200080070038000009
200049035506000020300200408050000070004000200607003040900308000703002050000000000
000000000040060000763190405680300000000050139000000080005001360020040700000030000
950000700000254608000006300000000500508030400030020000703000905620000000085600230
000058400020000500090004003042070000650000200080029600060000050500302090070100060
030000000805000002002900740000409370000730000050020000006004010400093600010070400
240870305003020000975003000000000800000682004030057000600008700009730001000090400
080090306700005040900300700020000000059002603030800050000004200000006070804200500
075006004006009000000000007090100005002050309008000200000020903600004050503000046
000006000007008200000000036200000409080001003304800000000084000640307928073050064
045030000002008900000007060030050000020004309480020600304170800000000070050300200
020300000070800000005060700000003070800000005490120000100000060000400827000900400
000400865750006000000000030076050300000000074835000000000900050520010006083000790
036040100020070300700000080080030001200000050100008006000500000040709620050600700
000039000030000000005807064001075839000002050003000006000790000600004070087003020
700000920100060070000030000600040051020000007000000304000008000803600000007250430
100000030506003090380040000090000200030250000260000941007100009002080070800400000
008000020276004003100008000000060007467000300035000200700005000001906008000020030
070500030000300400500060170020040860840035000000000000000900002094273608000004000
030000008400000003008040200000080000075004030100350000980407305300560400600000902
000005300030000869000000205000009401840020500750360000512600000070040600080000000
004360000000000069005200304240008000000000000903017080800006241020000800000700090
043009200000000803002753000005800000008305000000002060800416009000000002030008400
006081000000009000520000700700000002000402307004530000360904570400300960090005003
000507090000000008109000640800200000700009080500000002620003050010080000000090420
800000206790200000200500300402000060510030008000490070000000000900024000304609052
002000803400350267600000000300260004008004032000900600000472350000000400070000028
204050830000700000000000001006030050000200040020000167000003000802694005703000600
000060010500003000306040008070930042003084005040000600000478003000502000004000020
000095060050004000000020700094000005037500200006073400008050000073400000040230900
008000900000006200000000403070000005806090034020003000260050049900700000007400001
000000000000050074054020003040106000002030087038000600000600038203700010060340005
020000703400000061000004000100070500003006004004050030650000907900260050030008010
062000000000000070008000100675030000020007085900600407090060003000948000040200059
009000408005006000000001005000000060370400000064020730506290000000005290800600500
000000150503800670000600004030004500075030000020059080406000000000000002052003000
035040080000200030016090740000000950040000073059004000000000000703050028000103000
900078502003400000687000934000960000008000029060005003030009000026003097100000005
000003067000004080037008209020400003000720000040000008050906030600000004001500000
000013000000700400000000138000000083000368000840200700209640350060800000075000002
072000360800620070000000018530000000000700009000030080010009003750080190600004000
625000400000020038009070000000000060943000000200090000000807200300040500706900100
004900080200000000007086320900800670003000090600100005706000400500000000000042000
000000400008200306003006002400061700000080000500003004000304000052000000060070085
009045000500000040007690030730000900800007020206400008003500000040028006000030200
000620000053800420070004000096008040000500001700060800000000507060030900809000060
008007000007002635003000000004260700300080406500000003700004908002500304030900502
000000080000700300003090024430050070050042000009807005027500060080026000000400090
500000400306204800040805007000603008207000000000080040005009306600000052000000974
000000300610300050030960008200600403080020000000003006000850002005006090007000004
805070020000005900000400015040502076000000004006000130010069000080000500000200090
000307000038001579000000040000040000009600230203500000000030000040906008002000605
000000006005401708402006000900200047500000360043007000800050200200003000074900005
200000300009000007070043090006030000003200754024590000000000005500069248002050030
800254001600030009000697500070320004200470900000000705500080060000003000023000000
000028009060030005002600800008004000300000106500081007000873640000000000070056390
006000700000709003010000800800100000193600040000000007067000004000420000004000950
030000002090000600700354089000030005300060020026000300000000007941008000000002004
070900000005040803020030000006007504000000938000000017009406300002500006047100200
504020810030000040007060030060070000000015000208000000706000104340500008000100000
067350008020006000000008003503040000000000000006103500000409370400500009030607004
000050009800302004030000620000000000008003560002560700704000000000740093010006470
004000273000006000002030500000000000630900058000040162000004000050763020300005704
005406097630801052020500860104000070000000030703000005040000000000070026000908000
000700026006004000200000903002000000460035080700000005008206104300000009000100000
004003000300006080085020060000500200046008000500030000050470600078009320000300009
407080000602400007000002030004750000320000709000000008005003680000000045900000301
002400060800002700540378000000000900600280040030007608700000000905000037020000406
300690710000000000000400050006300000900802405000057200010700003602580000008003004
800000000005000097000023800030006000060000475050009163200400300000070001000008006
